8479
58606
79257
50015
36749
91372
42563
55784
47860
26096
45574
94364
39808
14686
38138
6878
54702
55802
48675
33264
77364
57646
20199
18525
13990
87368
20560
88310
36085
85695
6656
58061
14772
66716
192
66894
49042
37304
63413
639
86777
64503
15900
80170
76993
52883
73535
34463
65282
10869
10661
94419
25839
60317
61932
68968
88286
37367
52539
28351
64369
84000
74644
35571
56085
27782
28570
98787
84663
47976
87746
69062
96038
84100
14523
66976
90272
34861
6308
70566
14297
48696
55492
80482
38047
79200
96647
84560
8839
50005
1128
54671
94029
30244
4446
32902
64899
27339
79607
59879
76979
82712
10699
33417
87221
38896
70546
56158
52340
47117
61505
12134
23656
47274
23809
8497
96882
36253
56179
47709
98450
97144
12465
50006
71288
17790
86810
41746
84269
26044
52885
47154
80738
7766
75388
84098
65590
16985
77472
16464
52765
47202
39298
62836
97337
88638
57304
94725
83190
7848
49746
51640
19443
78736
51424
97085
7165
52989
2190
45038
51485
92308
68793
59376
47231
99780
27116
7734
17252
15489
26917
52384
20000
71275
10418
1988
99980
3239
52027
22622
9884
65814
68376
79370
28577
18189
18014
92354
15997
76555
83679
40408
22907
6017
20385
49128
51241
10656
67133
49718
93120
22640
79037
5353
72989
22336
29292
4674
66164
59554
32326
7910
65726
47239
48872
48261
33561
2915
85869
89486
53206
71092
36472
96226
97151
23025
65581
76417
15862
60036
71622
9649
44458
29289
78710
36794
24383
27778
70059
91523
23927
21037
83895
66303
71201
80155
52891
81046
63753
45967
20224
62184
66095
37848
48233
2389
60969
25436
52108
95991
40146
17149
61049
84532
19755
55772
44816
18541
90509
24038
60855
86601
69713
17563
82592
74951
83589
2179
33856
57058
6146
87228
52304
86620
1340
66160
7770
67553
96981
53200
74866
81291
36306
52853
19129
28706
76717
3756
11241
17360
55720
10024
63580
71746
11652
51136
14927
63729
240
19861
96290
90659
10360
91617
34700
72347
6758
96067
35895
96225
29090
33821
51381
3227
80752
48685
5909
3979
11784
53735
25208
4147
29981
76480
89847
27849
81419
89921
9127
54663
77960
77187
48795
45460
45629
93979
71469
14115
87384
12385
84444
59093
82088
41134
17253
9432
71057
16305
72283
7393
66004
10058
89429
70262
526
21977
36301
47156
3282
15942
54745
91586
94579
41444
86427
21168
90156
65065
97501
79041
66353
75714
61335
82639
92146
5333
5301
28039
34382
50376
76353
33168
78417
55197
91039
39367
72453
29218
38259
9746
31540
64979
17291
25747
27901
13854
42740
33533
1669
75225
32879
9621
1302
87896
70501
82221
32003
16117
96704
76470
44163
5054
71904
96610
91906
74052
18517
5981
56347
34135
4337
26989
44798
5006
8958
14128
32893
46241
90945
85342
85707
10205
33817
85128
14287
51063
93554
62885
76398
72180
14069
46819
5813
50954
55939
94749
45674
33779
86421
84656
2248
30781
99580
36859
33078
11143
91866
43561
45086
61179
84310
67739
73150
3050
81398
74160
2014
59617
9164
96708
54264
12237
82196
62056
56014
35676
13053
87973
42557
44220
42865
14220
17009
30312
13633
14063
33801
5680
35150
33828
