a) 447
b) 325
c) 49
1133357
24
e) 
271523 95059
157673 57275
261435 90909
142511 50505
151113 53835
214211 71817
143 99
60246 24742
276617 97679
136544 48484
276617 97679
301433 99099
1544 868
144327 51415
336 222
13566 6006
37117 15951
235340 80608
553 363
111761 37873
70156 28782
15537 7007
253652 87978
224607 76167
205276 68286
173550 63336
1470520 422224
1570 888
120542 41314
117400 40704
224607 76167
143507 51015
711700 234432
61410 25352
255470 88888
203150 67176
305355 101101
213535 71517
13566 6006
1735 989
116414 40204
f) 
17700 8128
g) 
145
